  0.0000000e+000  4.1596960e-001  7.2218729e-002  7.2221323e-002  2.5944555e-006  4.0279336e+000
  1.0000000e-001  4.2500285e-001  7.2166081e-002  7.2167004e-002  9.2350980e-007  4.1379552e+000
  2.0000000e-001  4.3024472e-001  7.2121348e-002  7.2121196e-002 -1.5205538e-007  4.2222962e+000
  3.0000000e-001  4.3379205e-001  7.2082169e-002  7.2082046e-002 -1.2368784e-007  4.2900334e+000
  4.0000000e-001  4.3960044e-001  7.2047230e-002  7.2047346e-002  1.1654581e-007  4.3483090e+000
  5.0000000e-001  4.4603543e-001  7.2015917e-002  7.2016097e-002  1.7933481e-007  4.4005776e+000
  6.0000000e-001  4.4825943e-001  7.1987390e-002  7.1987627e-002  2.3647173e-007  4.4473118e+000
  7.0000000e-001  4.4516147e-001  7.1961226e-002  7.1961503e-002  2.7683239e-007  4.4894122e+000
  8.0000000e-001  4.4616456e-001  7.1937142e-002  7.1937351e-002  2.0822614e-007  4.5281698e+000
  9.0000000e-001  4.4173716e-001  7.1914876e-002  7.1914877e-002  1.0155989e-009  4.5644759e+000
  1.0000000e+000  4.4059249e-001  7.1894134e-002  7.1893864e-002 -2.7064933e-007  4.5985124e+000
  1.1000000e+000  4.3773875e-001  7.1874703e-002  7.1874181e-002 -5.2202200e-007  4.6305436e+000
  1.2000000e+000  4.3660028e-001  7.1856420e-002  7.1855851e-002 -5.6967029e-007  4.6608500e+000
  1.3000000e+000  4.3039560e-001  7.1839162e-002  7.1838706e-002 -4.5584017e-007  4.6889933e+000
  1.4000000e+000  4.4371842e-001  7.1822821e-002  7.1822510e-002 -3.1137954e-007  4.7155292e+000
  1.5000000e+000  4.3404537e-001  7.1807309e-002  7.1807147e-002 -1.6162235e-007  4.7407073e+000
  1.6000000e+000  4.3969825e-001  7.1792113e-002  7.1792535e-002  4.2220254e-007  4.7633128e+000
  1.7000000e+000  4.4267651e-001  7.1778221e-002  7.1778606e-002  3.8516701e-007  4.7867710e+000
  1.8000000e+000  4.4337128e-001  7.1764960e-002  7.1765303e-002  3.4284540e-007  4.8092438e+000
  1.9000000e+000  4.4680576e-001  7.1752283e-002  7.1752575e-002  2.9283268e-007  4.8308239e+000
  2.0000000e+000  4.4611484e-001  7.1740143e-002  7.1740381e-002  2.3771095e-007  4.8515747e+000
  2.1000000e+000  4.4404838e-001  7.1728505e-002  7.1728682e-002  1.7758694e-007  4.8715499e+000
  2.2000000e+000  4.4655491e-001  7.1717334e-002  7.1717418e-002  8.3400289e-008  4.8908814e+000
  2.3000000e+000  4.5374327e-001  7.1706605e-002  7.1706695e-002  9.0115833e-008  4.9091824e+000
  2.4000000e+000  4.4937554e-001  7.1696291e-002  7.1696388e-002  9.6481055e-008  4.9268131e+000
  2.5000000e+000  4.5375979e-001  7.1686369e-002  7.1686466e-002  9.7554218e-008  4.9438489e+000
  2.6000000e+000  4.5129541e-001  7.1676808e-002  7.1676903e-002  9.5776836e-008  4.9603982e+000
  2.7000000e+000  4.6033722e-001  7.1667594e-002  7.1667677e-002  8.3279681e-008  4.9765457e+000
  2.8000000e+000  4.5072510e-001  7.1658714e-002  7.1658768e-002  5.4198487e-008  4.9923230e+000
  2.9000000e+000  4.6364698e-001  7.1650146e-002  7.1650160e-002  1.3391885e-008  5.0077388e+000
  3.0000000e+000  4.5871824e-001  7.1641868e-002  7.1641836e-002 -3.1907436e-008  5.0227982e+000
  3.1000000e+000  4.5061851e-001  7.1633862e-002  7.1633786e-002 -7.5596858e-008  5.0374974e+000
  3.2000000e+000  4.5951504e-001  7.1626109e-002  7.1625995e-002 -1.1314541e-007  5.0518289e+000
  3.3000000e+000  4.5544800e-001  7.1618596e-002  7.1618456e-002 -1.4025593e-007  5.0657642e+000
  3.4000000e+000  4.4607157e-001  7.1611309e-002  7.1611156e-002 -1.5305669e-007  5.0792865e+000
  3.5000000e+000  4.4945474e-001  7.1604236e-002  7.1604085e-002 -1.5174592e-007  5.0924054e+000
  3.6000000e+000  4.5369570e-001  7.1597367e-002  7.1597227e-002 -1.3998896e-007  5.1051529e+000
  3.7000000e+000  4.5832887e-001  7.1590692e-002  7.1590570e-002 -1.2176386e-007  5.1175594e+000
  3.8000000e+000  4.5687031e-001  7.1584202e-002  7.1584102e-002 -1.0001342e-007  5.1296506e+000
  3.9000000e+000  4.5448673e-001  7.1577888e-002  7.1577812e-002 -7.6639697e-008  5.1414459e+000
  4.0000000e+000  4.5507881e-001  7.1571744e-002  7.1571691e-002 -5.2959810e-008  5.1529617e+000
  4.1000000e+000  4.5608687e-001  7.1565761e-002  7.1565731e-002 -2.9723802e-008  5.1642110e+000
  4.2000000e+000  4.5496362e-001  7.1559932e-002  7.1559925e-002 -7.4695619e-009  5.1752046e+000
  4.3000000e+000  4.5468895e-001  7.1554252e-002  7.1554265e-002  1.3411776e-008  5.1859517e+000
  4.4000000e+000  4.5531222e-001  7.1548714e-002  7.1548747e-002  3.2560765e-008  5.1964607e+000
  4.5000000e+000  4.5776778e-001  7.1543313e-002  7.1543363e-002  4.9638549e-008  5.2067387e+000
  4.6000000e+000  4.5888265e-001  7.1538045e-002  7.1538109e-002  6.4349025e-008  5.2167945e+000
  4.7000000e+000  4.5991092e-001  7.1532904e-002  7.1532980e-002  7.6067559e-008  5.2266401e+000
  4.8000000e+000  4.6224602e-001  7.1527889e-002  7.1527971e-002  8.2065944e-008  5.2362973e+000
  4.9000000e+000  4.6341315e-001  7.1523000e-002  7.1523078e-002  7.7804912e-008  5.2457924e+000
  5.0000000e+000  4.6375440e-001  7.1518235e-002  7.1518296e-002  6.1682010e-008  5.2551406e+000
  5.1000000e+000  4.5861198e-001  7.1513586e-002  7.1513622e-002  3.5527744e-008  5.2643439e+000
  5.2000000e+000  4.5896824e-001  7.1509049e-002  7.1509051e-002  2.0007642e-009  5.2734010e+000
  5.3000000e+000  4.5932383e-001  7.1504617e-002  7.1504580e-002 -3.6708764e-008  5.2823115e+000
  5.4000000e+000  4.6434589e-001  7.1500285e-002  7.1500206e-002 -7.9033901e-008  5.2910765e+000
  5.5000000e+000  4.6611814e-001  7.1496049e-002  7.1495925e-002 -1.2387912e-007  5.2996979e+000
  5.6000000e+000  4.6316533e-001  7.1491905e-002  7.1491735e-002 -1.7052363e-007  5.3081788e+000
  5.7000000e+000  4.6099746e-001  7.1487850e-002  7.1487633e-002 -2.1743330e-007  5.3165190e+000
  5.8000000e+000  4.6295932e-001  7.1483880e-002  7.1483604e-002 -2.7588572e-007  5.3247587e+000
  5.9000000e+000  4.6894798e-001  7.1479992e-002  7.1479376e-002 -6.1553653e-007  5.3337491e+000
  6.0000000e+000  4.6531031e-001  7.1476184e-002  7.1475588e-002 -5.9605873e-007  5.3414826e+000
  6.1000000e+000  4.6322256e-001  7.1472452e-002  7.1471873e-002 -5.7929494e-007  5.3490995e+000
  6.2000000e+000  4.7038301e-001  7.1468795e-002  7.1468233e-002 -5.6190569e-007  5.3565924e+000
  6.3000000e+000  4.6973854e-001  7.1465210e-002  7.1464665e-002 -5.4489624e-007  5.3639671e+000
  6.4000000e+000  4.6556971e-001  7.1461695e-002  7.1461167e-002 -5.2832363e-007  5.3712253e+000
  6.5000000e+000  4.7307122e-001  7.1458248e-002  7.1457734e-002 -5.1372196e-007  5.3783714e+000
  6.6000000e+000  4.7024410e-001  7.1454866e-002  7.1454365e-002 -5.0095998e-007  5.3854072e+000
  6.7000000e+000  4.6674936e-001  7.1451549e-002  7.1451061e-002 -4.8776878e-007  5.3923376e+000
  6.8000000e+000  4.7911968e-001  7.1448293e-002  7.1447821e-002 -4.7209199e-007  5.3991687e+000
  6.9000000e+000  4.7016787e-001  7.1445097e-002  7.1444643e-002 -4.5392909e-007  5.4059025e+000
  7.0000000e+000  4.7343201e-001  7.1441960e-002  7.1441526e-002 -4.3383900e-007  5.4125394e+000
  7.1000000e+000  4.7679009e-001  7.1438880e-002  7.1438468e-002 -4.1232874e-007  5.4190808e+000
  7.2000000e+000  4.6979522e-001  7.1435855e-002  7.1435466e-002 -3.8991211e-007  5.4255272e+000
  7.3000000e+000  4.8284817e-001  7.1432885e-002  7.1432518e-002 -3.6726616e-007  5.4318797e+000
  7.4000000e+000  4.7382255e-001  7.1429968e-002  7.1429623e-002 -3.4503343e-007  5.4381388e+000
  7.5000000e+000  4.8984088e-001  7.1427102e-002  7.1426779e-002 -3.2289505e-007  5.4443086e+000
  7.6000000e+000  4.7465813e-001  7.1424286e-002  7.1423986e-002 -3.0033028e-007  5.4503934e+000
  7.7000000e+000  4.8568844e-001  7.1421520e-002  7.1421241e-002 -2.7933929e-007  5.4563896e+000
  7.8000000e+000  4.7895986e-001  7.1418803e-002  7.1418743e-002 -5.9859991e-008  5.4629287e+000
  7.9000000e+000  4.8323448e-001  7.1416132e-002  7.1416095e-002 -3.7044786e-008  5.4687715e+000
  8.0000000e+000  4.7965884e-001  7.1413508e-002  7.1413496e-002 -1.2523453e-008  5.4745436e+000
  8.1000000e+000  4.8232129e-001  7.1410930e-002  7.1410941e-002  1.1748206e-008  5.4802410e+000
  8.2000000e+000  4.8363134e-001  7.1408395e-002  7.1408430e-002  3.4942477e-008  5.4858629e+000
  8.3000000e+000  4.8409195e-001  7.1405904e-002  7.1405961e-002  5.6708379e-008  5.4914094e+000
  8.4000000e+000  4.8344407e-001  7.1403455e-002  7.1403532e-002  7.6979392e-008  5.4968813e+000
  8.5000000e+000  4.8967028e-001  7.1401048e-002  7.1401143e-002  9.5724346e-008  5.5022798e+000
  8.6000000e+000  4.8301124e-001  7.1398681e-002  7.1398793e-002  1.1235667e-007  5.5076079e+000
  8.7000000e+000  4.9141568e-001  7.1396355e-002  7.1396480e-002  1.2520932e-007  5.5128723e+000
  8.8000000e+000  4.8539915e-001  7.1394005e-002  7.1394205e-002  1.9941617e-007  5.5178697e+000
  8.9000000e+000  4.9342238e-001  7.1391763e-002  7.1391965e-002  2.0143058e-007  5.5230216e+000
  9.0000000e+000  4.8414112e-001  7.1389561e-002  7.1389760e-002  1.9858850e-007  5.5281176e+000
  9.1000000e+000  4.9795098e-001  7.1387397e-002  7.1387589e-002  1.9217524e-007  5.5331552e+000
  9.2000000e+000  4.8529880e-001  7.1385269e-002  7.1385452e-002  1.8364802e-007  5.5381312e+000
  9.3000000e+000  4.9705837e-001  7.1383175e-002  7.1383348e-002  1.7380090e-007  5.5430443e+000
  9.4000000e+000  4.9346524e-001  7.1381114e-002  7.1381276e-002  1.6290367e-007  5.5478951e+000
  9.5000000e+000  4.9501412e-001  7.1379085e-002  7.1379236e-002  1.5104635e-007  5.5526846e+000
  9.6000000e+000  5.0092753e-001  7.1377088e-002  7.1377227e-002  1.3833086e-007  5.5574136e+000
  9.7000000e+000  4.8941162e-001  7.1375123e-002  7.1375248e-002  1.2489893e-007  5.5620829e+000
  9.8000000e+000  5.0234405e-001  7.1373187e-002  7.1373298e-002  1.1091368e-007  5.5666933e+000
  9.9000000e+000  4.9686289e-001  7.1371281e-002  7.1371378e-002  9.6553572e-008  5.5712454e+000
  1.0000000e+001  5.0097646e-001  7.1369404e-002  7.1369486e-002  8.1987460e-008  5.5757402e+000
  1.0100000e+001  5.0070950e-001  7.1367555e-002  7.1367622e-002  6.7315266e-008  5.5801789e+000
  1.0200000e+001  4.9637298e-001  7.1365734e-002  7.1365786e-002  5.2467559e-008  5.5845633e+000
  1.0300000e+001  5.0522824e-001  7.1363939e-002  7.1363976e-002  3.7175625e-008  5.5888958e+000
  1.0400000e+001  5.0138800e-001  7.1362171e-002  7.1362192e-002  2.1671650e-008  5.5931770e+000
  1.0500000e+001  5.0552395e-001  7.1360428e-002  7.1360436e-002  7.6244913e-009  5.5974032e+000
  1.0600000e+001  5.0630709e-001  7.1358711e-002  7.1358707e-002 -3.8420377e-009  5.6015711e+000
  1.0700000e+001  5.0666841e-001  7.1357018e-002  7.1357005e-002 -1.3069735e-008  5.6056830e+000
  1.0800000e+001  5.0589747e-001  7.1355349e-002  7.1355329e-002 -2.0627977e-008  5.6097415e+000
  1.0900000e+001  5.0666134e-001  7.1353704e-002  7.1353677e-002 -2.6914140e-008  5.6137487e+000
  1.1000000e+001  5.0976302e-001  7.1352082e-002  7.1352050e-002 -3.2190916e-008  5.6177062e+000
  1.1100000e+001  5.0979498e-001  7.1350483e-002  7.1350446e-002 -3.6644499e-008  5.6216154e+000
  1.1200000e+001  5.0442670e-001  7.1348906e-002  7.1348865e-002 -4.0415549e-008  5.6254775e+000
  1.1300000e+001  5.2072617e-001  7.1347350e-002  7.1347307e-002 -4.3615315e-008  5.6292935e+000
  1.1400000e+001  5.0938715e-001  7.1345816e-002  7.1345770e-002 -4.6334979e-008  5.6330645e+000
  1.1500000e+001  5.0783109e-001  7.1344303e-002  7.1344254e-002 -4.8650096e-008  5.6367916e+000
  1.1600000e+001  5.2061554e-001  7.1342810e-002  7.1342760e-002 -5.0622308e-008  5.6404755e+000
  1.1700000e+001  5.1375900e-001  7.1341338e-002  7.1341286e-002 -5.2305166e-008  5.6441172e+000
  1.1800000e+001  5.0684695e-001  7.1339885e-002  7.1339831e-002 -5.3743609e-008  5.6477175e+000
  1.1900000e+001  5.2389108e-001  7.1338451e-002  7.1338397e-002 -5.4975627e-008  5.6512773e+000
  1.2000000e+001  5.1555910e-001  7.1337037e-002  7.1336981e-002 -5.6032842e-008  5.6547972e+000
  1.2100000e+001  5.0797403e-001  7.1335641e-002  7.1335584e-002 -5.6943391e-008  5.6582781e+000
  1.2200000e+001  5.1854575e-001  7.1334263e-002  7.1334206e-002 -5.7730786e-008  5.6617207e+000
  1.2300000e+001  5.2661071e-001  7.1332904e-002  7.1332845e-002 -5.8414553e-008  5.6651256e+000
  1.2400000e+001  5.1460459e-001  7.1331562e-002  7.1331503e-002 -5.9011990e-008  5.6684935e+000
  1.2500000e+001  5.1218831e-001  7.1330237e-002  7.1330177e-002 -5.9538490e-008  5.6718251e+000
  1.2600000e+001  5.2904446e-001  7.1328929e-002  7.1328869e-002 -6.0004492e-008  5.6751210e+000
  1.2700000e+001  5.1810777e-001  7.1327638e-002  7.1327577e-002 -6.0422201e-008  5.6783817e+000
  1.2800000e+001  5.1294673e-001  7.1326363e-002  7.1326302e-002 -6.0799095e-008  5.6816080e+000
  1.2900000e+001  5.2551560e-001  7.1325104e-002  7.1325043e-002 -6.1143393e-008  5.6848004e+000
  1.3000000e+001  5.2913305e-001  7.1323861e-002  7.1323799e-002 -6.1461283e-008  5.6879593e+000
  1.3100000e+001  5.1347999e-001  7.1322633e-002  7.1322571e-002 -6.1757566e-008  5.6910855e+000
  1.3200000e+001  5.1624339e-001  7.1321421e-002  7.1321359e-002 -6.2036336e-008  5.6941794e+000
  1.3300000e+001  5.2959179e-001  7.1320223e-002  7.1320161e-002 -6.2301490e-008  5.6972416e+000
  1.3400000e+001  5.3183933e-001  7.1319040e-002  7.1318978e-002 -6.2555254e-008  5.7002725e+000
  1.3500000e+001  5.1158703e-001  7.1317872e-002  7.1317809e-002 -6.2799811e-008  5.7032727e+000
  1.3600000e+001  5.2579556e-001  7.1316718e-002  7.1316655e-002 -6.3036851e-008  5.7062426e+000
  1.3700000e+001  5.2880047e-001  7.1315578e-002  7.1315514e-002 -6.3268387e-008  5.7091827e+000
  1.3800000e+001  5.3462876e-001  7.1314451e-002  7.1314388e-002 -6.3493697e-008  5.7120936e+000
  1.3900000e+001  5.1482598e-001  7.1313339e-002  7.1313275e-002 -6.3714529e-008  5.7149744e+000
  1.4000000e+001  5.2536903e-001  7.1312239e-002  7.1312175e-002 -6.3931186e-008  5.7178280e+000
  1.4100000e+001  5.3181113e-001  7.1311152e-002  7.1311088e-002 -6.4143313e-008  5.7206536e+000
  1.4200000e+001  5.3066129e-001  7.1310078e-002  7.1310014e-002 -6.4352213e-008  5.7234518e+000
  1.4300000e+001  5.1723567e-001  7.1309017e-002  7.1308952e-002 -6.4556682e-008  5.7262228e+000
  1.4400000e+001  5.2787794e-001  7.1307967e-002  7.1307902e-002 -6.4758001e-008  5.7289683e+000
  1.4500000e+001  5.3029142e-001  7.1306930e-002  7.1306865e-002 -6.4954973e-008  5.7316864e+000
  1.4600000e+001  5.3386978e-001  7.1305905e-002  7.1305840e-002 -6.5148229e-008  5.7343785e+000
  1.4700000e+001  5.2285966e-001  7.1304893e-002  7.1304827e-002 -6.5337582e-008  5.7370440e+000
  1.4800000e+001  5.2682703e-001  7.1303891e-002  7.1303825e-002 -6.5524999e-008  5.7396855e+000
  1.4900000e+001  5.3250515e-001  7.1302901e-002  7.1302835e-002 -6.5708187e-008  5.7423022e+000
  1.5000000e+001  5.3410482e-001  7.1301922e-002  7.1301856e-002 -6.5889595e-008  5.7448946e+000
