  0.0000000e+000  2.8914297e-001  7.1150622e-002  7.1171510e-002  2.0887747e-005  2.7733394e+000
  1.0000000e-001  3.4513299e-001  7.1246743e-002  7.1254599e-002  7.8557744e-006  3.1425382e+000
  2.0000000e-001  3.6620967e-001  7.1360323e-002  7.1364831e-002  4.5079186e-006  3.4338357e+000
  3.0000000e-001  3.8929255e-001  7.1475176e-002  7.1477504e-002  2.3275754e-006  3.6898129e+000
  4.0000000e-001  4.0565703e-001  7.1575658e-002  7.1576432e-002  7.7407725e-007  3.9073786e+000
  5.0000000e-001  4.1594833e-001  7.1657627e-002  7.1658195e-002  5.6779128e-007  4.0815113e+000
  6.0000000e-001  4.1636031e-001  7.1723806e-002  7.1724281e-002  4.7531779e-007  4.2244105e+000
  7.0000000e-001  4.1854968e-001  7.1777817e-002  7.1778235e-002  4.1736741e-007  4.3412787e+000
  8.0000000e-001  4.2202864e-001  7.1823241e-002  7.1822942e-002 -2.9930010e-007  4.4413026e+000
  9.0000000e-001  4.2713735e-001  7.1861405e-002  7.1860815e-002 -5.9037074e-007  4.5258328e+000
  1.0000000e+000  4.4059249e-001  7.1894134e-002  7.1893864e-002 -2.7064933e-007  4.5985124e+000
  1.1000000e+000  4.5057425e-001  7.1922663e-002  7.1922744e-002  8.0647924e-008  4.6629734e+000
  1.2000000e+000  4.5495495e-001  7.1947948e-002  7.1948173e-002  2.2500081e-007  4.7210713e+000
  1.3000000e+000  4.5475086e-001  7.1970618e-002  7.1970803e-002  1.8578192e-007  4.7738737e+000
  1.4000000e+000  4.6474270e-001  7.1991029e-002  7.1991133e-002  1.0458268e-007  4.8216579e+000
  1.5000000e+000  4.6405686e-001  7.2009501e-002  7.2009540e-002  3.9289455e-008  4.8652259e+000
  1.6000000e+000  4.5973291e-001  7.2026320e-002  7.2026300e-002 -2.0183339e-008  4.9053017e+000
  1.7000000e+000  4.6337296e-001  7.2041717e-002  7.2041638e-002 -7.8257369e-008  4.9424290e+000
  1.8000000e+000  4.6237638e-001  7.2055982e-002  7.2055745e-002 -2.3710962e-007  4.9774075e+000
  1.9000000e+000  4.6197842e-001  7.2069109e-002  7.2068781e-002 -3.2803708e-007  5.0100474e+000
  2.0000000e+000  4.6373310e-001  7.2081269e-002  7.2080877e-002 -3.9209750e-007  5.0407265e+000
  2.1000000e+000  4.5993783e-001  7.2092570e-002  7.2092141e-002 -4.2987225e-007  5.0696469e+000
  2.2000000e+000  4.6696211e-001  7.2103105e-002  7.2102661e-002 -4.4373850e-007  5.0969926e+000
  2.3000000e+000  4.6410828e-001  7.2112954e-002  7.2112518e-002 -4.3680210e-007  5.1229177e+000
  2.4000000e+000  4.6274738e-001  7.2122188e-002  7.2121777e-002 -4.1076878e-007  5.1475534e+000
  2.5000000e+000  4.6258186e-001  7.2130534e-002  7.2130498e-002 -3.6856165e-008  5.1720604e+000
  2.6000000e+000  4.6590673e-001  7.2138723e-002  7.2138993e-002  2.6920563e-007  5.1935801e+000
  2.7000000e+000  4.6822054e-001  7.2146470e-002  7.2146870e-002  3.9925253e-007  5.2146140e+000
  2.8000000e+000  4.7239120e-001  7.2153813e-002  7.2154326e-002  5.1347048e-007  5.2347586e+000
  2.9000000e+000  4.7521486e-001  7.2160789e-002  7.2161396e-002  6.0716018e-007  5.2540847e+000
  3.0000000e+000  4.7220075e-001  7.2167444e-002  7.2168108e-002  6.6434378e-007  5.2726534e+000
  3.1000000e+000  4.7669766e-001  7.2173849e-002  7.2174489e-002  6.3951293e-007  5.2906088e+000
  3.2000000e+000  4.8000749e-001  7.2179966e-002  7.2180560e-002  5.9438296e-007  5.3081246e+000
  3.3000000e+000  4.8186866e-001  7.2185801e-002  7.2186348e-002  5.4644444e-007  5.3250719e+000
  3.4000000e+000  4.8364887e-001  7.2191374e-002  7.2191870e-002  4.9552761e-007  5.3414732e+000
  3.5000000e+000  4.8555183e-001  7.2196703e-002  7.2197147e-002  4.4366223e-007  5.3573679e+000
  3.6000000e+000  4.8808273e-001  7.2201802e-002  7.2202195e-002  3.9325808e-007  5.3727912e+000
  3.7000000e+000  4.8688259e-001  7.2206684e-002  7.2207030e-002  3.4584560e-007  5.3877735e+000
  3.8000000e+000  4.9056213e-001  7.2211364e-002  7.2211666e-002  3.0207947e-007  5.4023411e+000
  3.9000000e+000  4.9686384e-001  7.2215850e-002  7.2216112e-002  2.6218604e-007  5.4165224e+000
  4.0000000e+000  5.0008420e-001  7.2220157e-002  7.2220383e-002  2.2606747e-007  5.4303395e+000
  4.1000000e+000  4.9479908e-001  7.2224296e-002  7.2224489e-002  1.9349884e-007  5.4438147e+000
  4.2000000e+000  4.9786239e-001  7.2228276e-002  7.2228440e-002  1.6427981e-007  5.4569691e+000
  4.3000000e+000  5.0004453e-001  7.2232106e-002  7.2232245e-002  1.3816628e-007  5.4698222e+000
  4.4000000e+000  5.0368749e-001  7.2235795e-002  7.2235910e-002  1.1491931e-007  5.4823923e+000
  4.5000000e+000  5.0891636e-001  7.2239351e-002  7.2239445e-002  9.4309850e-008  5.4946962e+000
  4.6000000e+000  5.1192031e-001  7.2242781e-002  7.2242857e-002  7.6159235e-008  5.5067492e+000
  4.7000000e+000  5.1752320e-001  7.2246093e-002  7.2246153e-002  6.0253800e-008  5.5185660e+000
  4.8000000e+000  5.1871546e-001  7.2249290e-002  7.2249337e-002  4.6420033e-008  5.5301619e+000
  4.9000000e+000  5.2243412e-001  7.2252377e-002  7.2252411e-002  3.4507713e-008  5.5415504e+000
  5.0000000e+000  5.2272710e-001  7.2255362e-002  7.2255386e-002  2.4334941e-008  5.5527417e+000
  5.1000000e+000  5.2550580e-001  7.2258245e-002  7.2258261e-002  1.5759593e-008  5.5637495e+000
  5.2000000e+000  5.2553691e-001  7.2261039e-002  7.2261048e-002  8.6132295e-009  5.5745818e+000
  5.3000000e+000  5.2585390e-001  7.2263740e-002  7.2263743e-002  2.7594973e-009  5.5852517e+000
  5.4000000e+000  5.2701498e-001  7.2266354e-002  7.2266352e-002 -1.9568576e-009  5.5957682e+000
  5.5000000e+000  5.2427174e-001  7.2268885e-002  7.2268880e-002 -5.6746738e-009  5.6061396e+000
  5.6000000e+000  5.2429808e-001  7.2271336e-002  7.2271328e-002 -8.5361438e-009  5.6163754e+000
  5.7000000e+000  5.2286795e-001  7.2273709e-002  7.2273699e-002 -1.0673719e-008  5.6264836e+000
  5.8000000e+000  5.2246203e-001  7.2276008e-002  7.2275996e-002 -1.2214120e-008  5.6364718e+000
  5.9000000e+000  5.2741982e-001  7.2278233e-002  7.2278220e-002 -1.3273620e-008  5.6463477e+000
  6.0000000e+000  5.4021367e-001  7.2280389e-002  7.2280375e-002 -1.3962368e-008  5.6561177e+000
  6.1000000e+000  5.4292742e-001  7.2282477e-002  7.2282463e-002 -1.4374740e-008  5.6657879e+000
  6.2000000e+000  5.4428008e-001  7.2284499e-002  7.2284485e-002 -1.4591771e-008  5.6753647e+000
  6.3000000e+000  5.4280226e-001  7.2286457e-002  7.2286443e-002 -1.4655433e-008  5.6848536e+000
  6.4000000e+000  5.3859436e-001  7.2288351e-002  7.2288336e-002 -1.4686290e-008  5.6942607e+000
  6.5000000e+000  5.3698786e-001  7.2290185e-002  7.2290170e-002 -1.4678381e-008  5.7035896e+000
  6.6000000e+000  5.5125252e-001  7.2291957e-002  7.2291942e-002 -1.4661460e-008  5.7128462e+000
  6.7000000e+000  5.5477886e-001  7.2293671e-002  7.2293657e-002 -1.4679834e-008  5.7220335e+000
  6.8000000e+000  5.5230248e-001  7.2295329e-002  7.2295314e-002 -1.4743827e-008  5.7311558e+000
  6.9000000e+000  5.5344335e-001  7.2296927e-002  7.2296912e-002 -1.4840745e-008  5.7402176e+000
  7.0000000e+000  5.5126153e-001  7.2298471e-002  7.2298456e-002 -1.4983138e-008  5.7492211e+000
  7.1000000e+000  5.6012168e-001  7.2299961e-002  7.2299945e-002 -1.5161839e-008  5.7581698e+000
  7.2000000e+000  5.6340643e-001  7.2301394e-002  7.2301378e-002 -1.5370597e-008  5.7670670e+000
  7.3000000e+000  5.6283293e-001  7.2302778e-002  7.2302762e-002 -1.5596071e-008  5.7759138e+000
  7.4000000e+000  5.6124319e-001  7.2304104e-002  7.2304088e-002 -1.5830634e-008  5.7847143e+000
  7.5000000e+000  5.6756950e-001  7.2305374e-002  7.2305358e-002 -1.6061729e-008  5.7934705e+000
  7.6000000e+000  5.7193464e-001  7.2306594e-002  7.2306578e-002 -1.6283074e-008  5.8021831e+000
  7.7000000e+000  5.7068461e-001  7.2307767e-002  7.2307750e-002 -1.6487325e-008  5.8108533e+000
  7.8000000e+000  5.6981025e-001  7.2308884e-002  7.2308868e-002 -1.6662855e-008  5.8194839e+000
  7.9000000e+000  5.7229129e-001  7.2309957e-002  7.2309940e-002 -1.6811105e-008  5.8280743e+000
  8.0000000e+000  5.8282951e-001  7.2310975e-002  7.2310958e-002 -1.6924095e-008  5.8366276e+000
  8.1000000e+000  5.7966234e-001  7.2311942e-002  7.2311925e-002 -1.7002938e-008  5.8451436e+000
  8.2000000e+000  5.7805152e-001  7.2312857e-002  7.2312840e-002 -1.7042821e-008  5.8536234e+000
  8.3000000e+000  5.8114160e-001  7.2313731e-002  7.2313714e-002 -1.7049530e-008  5.8620653e+000
  8.4000000e+000  5.9603706e-001  7.2314553e-002  7.2314536e-002 -1.7021011e-008  5.8704716e+000
  8.5000000e+000  5.8971404e-001  7.2315330e-002  7.2315313e-002 -1.6959308e-008  5.8788409e+000
  8.6000000e+000  5.8385432e-001  7.2316054e-002  7.2316037e-002 -1.6866025e-008  5.8871747e+000
  8.7000000e+000  5.9250709e-001  7.2316730e-002  7.2316713e-002 -1.6744246e-008  5.8954717e+000
  8.8000000e+000  6.0677129e-001  7.2317352e-002  7.2317336e-002 -1.6594281e-008  5.9037322e+000
  8.9000000e+000  6.0004592e-001  7.2317937e-002  7.2317920e-002 -1.6425443e-008  5.9119533e+000
  9.0000000e+000  5.9308099e-001  7.2318469e-002  7.2318453e-002 -1.6234663e-008  5.9201360e+000
  9.1000000e+000  6.0918023e-001  7.2318958e-002  7.2318942e-002 -1.6026962e-008  5.9282783e+000
  9.2000000e+000  6.1729495e-001  7.2319404e-002  7.2319388e-002 -1.5805645e-008  5.9363790e+000
  9.3000000e+000  6.0394314e-001  7.2319799e-002  7.2319784e-002 -1.5571083e-008  5.9444377e+000
  9.4000000e+000  6.0214223e-001  7.2320156e-002  7.2320140e-002 -1.5327022e-008  5.9524516e+000
  9.5000000e+000  6.2074442e-001  7.2320467e-002  7.2320452e-002 -1.5076691e-008  5.9604199e+000
  9.6000000e+000  6.2542804e-001  7.2320733e-002  7.2320718e-002 -1.4820461e-008  5.9683408e+000
  9.7000000e+000  6.1143964e-001  7.2320955e-002  7.2320940e-002 -1.4560876e-008  5.9762125e+000
  9.8000000e+000  6.2626241e-001  7.2321139e-002  7.2321125e-002 -1.4301562e-008  5.9840325e+000
  9.9000000e+000  6.3258480e-001  7.2321277e-002  7.2321263e-002 -1.4046378e-008  5.9917994e+000
  1.0000000e+001  6.2784534e-001  7.2321384e-002  7.2321370e-002 -1.3784523e-008  5.9995104e+000
  1.0100000e+001  6.3365868e-001  7.2321441e-002  7.2321428e-002 -1.3530968e-008  6.0071643e+000
  1.0200000e+001  6.3966390e-001  7.2321461e-002  7.2321448e-002 -1.3282881e-008  6.0147583e+000
  1.0300000e+001  6.3445653e-001  7.2321446e-002  7.2321433e-002 -1.3040484e-008  6.0222901e+000
  1.0400000e+001  6.3286023e-001  7.2321396e-002  7.2321383e-002 -1.2806876e-008  6.0297575e+000
  1.0500000e+001  6.4648172e-001  7.2321309e-002  7.2321296e-002 -1.2582673e-008  6.0371583e+000
  1.0600000e+001  6.4092387e-001  7.2321188e-002  7.2321175e-002 -1.2367990e-008  6.0444902e+000
  1.0700000e+001  6.4039069e-001  7.2321034e-002  7.2321022e-002 -1.2164644e-008  6.0517508e+000
  1.0800000e+001  6.5308060e-001  7.2320847e-002  7.2320835e-002 -1.1971782e-008  6.0589381e+000
  1.0900000e+001  6.4718448e-001  7.2320630e-002  7.2320618e-002 -1.1795796e-008  6.0660497e+000
  1.1000000e+001  6.5734896e-001  7.2320379e-002  7.2320367e-002 -1.1631768e-008  6.0730836e+000
  1.1100000e+001  6.5966208e-001  7.2320105e-002  7.2320093e-002 -1.1482567e-008  6.0800376e+000
  1.1200000e+001  6.5381198e-001  7.2319802e-002  7.2319790e-002 -1.1348674e-008  6.0869099e+000
  1.1300000e+001  6.6737248e-001  7.2319473e-002  7.2319462e-002 -1.1230793e-008  6.0936982e+000
  1.1400000e+001  6.5846090e-001  7.2319119e-002  7.2319108e-002 -1.1130293e-008  6.1004009e+000
  1.1500000e+001  6.5243412e-001  7.2318748e-002  7.2318737e-002 -1.1046356e-008  6.1070160e+000
  1.1600000e+001  6.6993601e-001  7.2318343e-002  7.2318332e-002 -1.0981280e-008  6.1135423e+000
  1.1700000e+001  6.6244633e-001  7.2317923e-002  7.2317912e-002 -1.0935422e-008  6.1199779e+000
  1.1800000e+001  6.8220530e-001  7.2317482e-002  7.2317471e-002 -1.0908693e-008  6.1263213e+000
  1.1900000e+001  6.6659504e-001  7.2317024e-002  7.2317013e-002 -1.0900791e-008  6.1325713e+000
  1.2000000e+001  6.5859563e-001  7.2316550e-002  7.2316539e-002 -1.0913710e-008  6.1387266e+000
  1.2100000e+001  6.7920531e-001  7.2316057e-002  7.2316046e-002 -1.0948169e-008  6.1447862e+000
  1.2200000e+001  6.6234398e-001  7.2315549e-002  7.2315538e-002 -1.1003747e-008  6.1507490e+000
  1.2300000e+001  6.8148023e-001  7.2315026e-002  7.2315015e-002 -1.1081655e-008  6.1566143e+000
  1.2400000e+001  6.7164060e-001  7.2314494e-002  7.2314483e-002 -1.1181540e-008  6.1623814e+000
  1.2500000e+001  6.8494381e-001  7.2313948e-002  7.2313937e-002 -1.1305098e-008  6.1680495e+000
  1.2600000e+001  6.7303069e-001  7.2313392e-002  7.2313381e-002 -1.1453308e-008  6.1736182e+000
  1.2700000e+001  6.7187016e-001  7.2312829e-002  7.2312817e-002 -1.1624217e-008  6.1790873e+000
  1.2800000e+001  6.7412464e-001  7.2312258e-002  7.2312246e-002 -1.1821711e-008  6.1844566e+000
  1.2900000e+001  6.6769667e-001  7.2311678e-002  7.2311666e-002 -1.2043216e-008  6.1897259e+000
  1.3000000e+001  6.7478416e-001  7.2311095e-002  7.2311082e-002 -1.2292420e-008  6.1948954e+000
  1.3100000e+001  6.6640422e-001  7.2310499e-002  7.2310486e-002 -1.2571157e-008  6.1999651e+000
  1.3200000e+001  6.7432627e-001  7.2309901e-002  7.2309888e-002 -1.2877956e-008  6.2049357e+000
  1.3300000e+001  6.6580550e-001  7.2309305e-002  7.2309292e-002 -1.3213453e-008  6.2098078e+000
  1.3400000e+001  6.7253225e-001  7.2308702e-002  7.2308689e-002 -1.3581410e-008  6.2145819e+000
  1.3500000e+001  6.6542742e-001  7.2308099e-002  7.2308085e-002 -1.3982503e-008  6.2192592e+000
  1.3600000e+001  6.7026931e-001  7.2307494e-002  7.2307480e-002 -1.4417030e-008  6.2238407e+000
  1.3700000e+001  6.6555678e-001  7.2306887e-002  7.2306873e-002 -1.4888486e-008  6.2283280e+000
  1.3800000e+001  6.6857889e-001  7.2306283e-002  7.2306267e-002 -1.5398080e-008  6.2327228e+000
  1.3900000e+001  6.5354746e-001  7.2305681e-002  7.2305665e-002 -1.5946881e-008  6.2370272e+000
  1.4000000e+001  6.6745598e-001  7.2305068e-002  7.2305051e-002 -1.6541970e-008  6.2412436e+000
  1.4100000e+001  6.4671691e-001  7.2304467e-002  7.2304450e-002 -1.7179426e-008  6.2453751e+000
  1.4200000e+001  6.4739100e-001  7.2303868e-002  7.2303850e-002 -1.7864703e-008  6.2494252e+000
  1.4300000e+001  6.5346347e-001  7.2303267e-002  7.2303248e-002 -1.8601838e-008  6.2533977e+000
  1.4400000e+001  6.4357422e-001  7.2302673e-002  7.2302654e-002 -1.9390461e-008  6.2572973e+000
  1.4500000e+001  6.5016657e-001  7.2302080e-002  7.2302060e-002 -2.0235604e-008  6.2611294e+000
  1.4600000e+001  6.6203570e-001  7.2301491e-002  7.2301469e-002 -2.1138006e-008  6.2648998e+000
  1.4700000e+001  6.3900850e-001  7.2300905e-002  7.2300883e-002 -2.2098900e-008  6.2686151e+000
  1.4800000e+001  6.4762613e-001  7.2300324e-002  7.2300301e-002 -2.3116270e-008  6.2722819e+000
  1.4900000e+001  6.4157955e-001  7.2299747e-002  7.2299723e-002 -2.4187881e-008  6.2759068e+000
  1.5000000e+001  6.4696923e-001  7.2299174e-002  7.2299149e-002 -2.5308162e-008  6.2794952e+000
